1 1 0.237506953579986
1 2 -0.00598876867821624
2 2 0.234033759523502
1 3 -0.00305445082373827
2 3 -0.00334426612085938
3 3 0.242251533325001
1 4 0.00788209618097405
2 4 0.00661868630661561
3 4 0.00761321733546937
4 4 0.233924008092921
1 5 0.00460217825613136
2 5 -0.000993194663900425
3 5 -0.00625920777273036
4 5 0.00189194207734679
5 5 0.243761743753264
1 6 0.00514539903644879
2 6 -0.000964598550821424
3 6 -0.00197336274859911
4 6 -0.00332999558801588
5 6 -0.0113944883988775
6 6 0.215943868659555
1 7 0.00178517017174758
2 7 0.00423431317091642
3 7 0.0118542087584607
4 7 0.000402810870396216
5 7 0.015673737506222
6 7 0.00374090432508922
7 7 0.244081713693421
1 8 0.0052259542857736
2 8 -0.00113202594903308
3 8 0.000947286665923309
4 8 0.000905811877564976
5 8 0.00687758934072147
6 8 0.0161937939948995
7 8 0.0111957399122138
8 8 0.239270293487111
1 9 0.00753122445349432
2 9 0.00437117612534192
3 9 0.00586643209911208
4 9 -0.000858553876943611
5 9 0.0125662723716783
6 9 0.0131371895347349
7 9 0.00719673636250326
8 9 0.00433058224392653
9 9 0.229216291806935
1 10 -0.000887713940695858
2 10 0.00612672425310842
3 10 0.00204544951971773
4 10 -0.000718507546872391
5 10 0.00989171227837665
6 10 0.0105945978125061
7 10 0.0103633621007049
8 10 0.00713248997515631
9 10 0.0040234275018563
10 10 0.229910342304097
1 11 0.0127033776488052
2 11 -0.00210232792737099
3 11 0.0062669588067447
4 11 0.00736491934662734
5 11 0.00720711781492754
6 11 0.0181621674035043
7 11 0.00653763781154101
8 11 -0.00182382038155149
9 11 0.00597044452660128
10 11 0.00406268821956139
11 11 0.236690592372076
1 12 0.0127966738567629
2 12 0.00881249485254111
3 12 -0.0065273042741842
4 12 0.00252811561354337
5 12 0.00313749833802716
6 12 0.00760101080345607
7 12 -0.00447797108017637
8 12 -0.0042242720678109
9 12 0.015129183377506
10 12 0.000304698256322178
11 12 -0.00420521096969036
12 12 0.226661175581114
1 13 0.0207798160749478
2 13 0.0038716645397745
3 13 -0.00403325942917792
4 13 0.0021480708362227
5 13 0.00584957534062177
6 13 -0.00713822594914658
7 13 0.0078218616568906
8 13 0.00227125640562051
9 13 0.0159376054774291
10 13 0.0113666148516979
11 13 0.0036226401399396
12 13 0.00787960338092073
13 13 0.233413379553832
1 14 0.00890795999667377
2 14 0.015197649306405
3 14 0.00289592698408877
4 14 9.96310029112858e-05
5 14 0.00264690831258817
6 14 0.00647840559085644
7 14 0.00420802558059693
8 14 0.0114264877988933
9 14 0.00124633539373066
10 14 -0.0102769900716947
11 14 0.00455867806563435
12 14 0.0133467070429653
13 14 0.00619785311715562
14 14 0.220759131531155
1 15 0.00476720294247221
2 15 0.00364321525286961
3 15 -0.00611075648330352
4 15 0.00171901601358057
5 15 -0.0184561985056147
6 15 0.00972734521604451
7 15 0.00253234297020699
8 15 0.0114018184995517
9 15 -0.00546816641250094
10 15 0.0185416722996109
11 15 0.00826506435292248
12 15 -0.00994340938052203
13 15 -0.00463406173249581
14 15 0.004700582992209
15 15 0.225605263379317
1 16 0.00256992841037266
2 16 0.00917301296365638
3 16 -0.00761659220565706
4 16 0.00962130375243298
5 16 0.00808524551270529
6 16 0.00365183009554426
7 16 0.00585230879773756
8 16 -0.00330014601124034
9 16 -0.00179687902926543
10 16 0.0003986274371365
11 16 0.005434336998481
12 16 0.0122437831643837
13 16 0.00479691108341353
14 16 0.00809579901145357
15 16 0.00111785295762485
16 16 0.232023694237809
1 17 0.000978193518808313
2 17 0.00661103567579492
3 17 0.0100249248500017
4 17 -0.00435385995427011
5 17 0.00655359578205168
6 17 -0.00128761285230711
7 17 0.00817476051619992
8 17 0.0022079454115268
9 17 0.00750438409923066
10 17 0.00787513443611522
11 17 0.00262278221165408
12 17 0.00458524341476033
13 17 -0.000300956209739037
14 17 -0.000922085417061528
15 17 0.00991021246123339
16 17 0.00321395741296477
17 17 0.222531306536474
1 18 -0.00401944053076533
2 18 0.0043983608348922
3 18 0.00864226946858941
4 18 -0.00219656462753278
5 18 0.00115320491071858
6 18 0.0118247978189563
7 18 0.00485244558952988
8 18 0.0101089846491452
9 18 0.0240026462453672
10 18 0.0160378851293772
11 18 -0.0100707473957814
12 18 -0.000107721014576001
13 18 0.0168908310122181
14 18 0.00748603525239847
15 18 -0.00285845735422763
16 18 0.000934477914625618
17 18 0.0155696189521434
18 18 0.224514341006378
1 19 0.00225403394858807
2 19 0.0137673347498287
3 19 0.0023991928912068
4 19 0.0186227194403002
5 19 0.0134468441998675
6 19 0.00387561329889809
7 19 -0.00952324673331424
8 19 0.00887203152720432
9 19 0.00485685365132805
10 19 -0.00428676535017769
11 19 -0.00556187850263909
12 19 0.0145925238050357
13 19 0.0104174607303586
14 19 -0.000907905209606368
15 19 -0.00105103602999632
16 19 0.0262004249358764
17 19 0.00661343187704798
18 19 0.00714927094323263
19 19 0.232604682766906
1 20 0.00647504057154478
2 20 0.00336189906295389
3 20 -0.0022919969519488
4 20 0.000355805771495516
5 20 0.0163521201958556
6 20 0.0120859557317556
7 20 0.0109507364609567
8 20 0.00315656600063979
9 20 0.006360971628507
10 20 -0.00586945459751777
11 20 0.00105848046634723
12 20 0.00038363183282798
13 20 0.0133336842792845
14 20 0.00213891267434559
15 20 -0.0121053165549053
16 20 0.00849745071730156
17 20 0.00250170231033821
18 20 0.0085202686122226
19 20 0.012740734386478
20 20 0.226351966742614
1 21 0.00634530740433591
2 21 0.00878563069653248
3 21 -0.00417349450011231
4 21 -0.000431081411273308
5 21 0.0096280062724252
6 21 -0.00665528459619913
7 21 0.00506836313242074
8 21 0.0102356195941245
9 21 -0.00438827135796764
10 21 -0.00392921506588146
11 21 0.00804523180267297
12 21 0.0120806120472257
13 21 0.00587314147299205
14 21 0.00215042032044688
15 21 0.00770708289045229
16 21 0.00163037134750427
17 21 0.00046950465094825
18 21 0.00633344959000659
19 21 0.0117164081458183
20 21 0.00554603610614121
21 21 0.227665083087079
1 22 -0.00655556567855012
2 22 0.0167253118332232
3 22 -0.00285422394704912
4 22 -0.00144232797943886
5 22 0.0057774294487745
6 22 -0.00782895609428529
7 22 0.0185529787030201
8 22 -0.00662223278186722
9 22 0.000684660899924805
10 22 -0.000846700798761777
11 22 0.00538384695360629
12 22 0.00676725492193598
13 22 0.00155076563742986
14 22 -0.00456175582455722
15 22 -0.00248144649902149
16 22 0.0182576526292154
17 22 0.00279942261104689
18 22 -0.00191050777471961
19 22 0.000117693069095743
20 22 0.00755611133962084
21 22 -0.00334842890512235
22 22 0.211538987580634
1 23 0.00326785881225559
2 23 0.0102212975982447
3 23 0.00610844852541956
4 23 0.0143670314560155
5 23 0.015644123718021
6 23 0.00759403131383917
7 23 0.00492778041410844
8 23 0.00686367856130499
9 23 0.00135179346227178
10 23 -0.00903059843050398
11 23 0.0152730432127717
12 23 -0.0249982847840779
13 23 0.000504145237271723
14 23 0.0208021207040681
15 23 -0.00864083709516172
16 23 -0.00183430848520011
17 23 0.00593865050100283
18 23 0.00820027174405975
19 23 0.00721935032524662
20 23 0.00712648120760845
21 23 0.000923490721014688
22 23 0.000160227938619538
23 23 0.235736457856502
1 24 -0.00227990344845008
2 24 -0.0025075842033521
3 24 -0.0024870825082147
4 24 -0.00296718321268736
5 24 -0.00532688613099984
6 24 0.00711464397612678
7 24 0.00439391290912745
8 24 0.00354648278401105
9 24 0.00573813777684523
10 24 0.0080229545627645
11 24 0.011129661987266
12 24 -0.00627972194912784
13 24 0.00504030455200403
14 24 0.00942226507526925
15 24 -0.0136443253054132
16 24 -0.00656958242445021
17 24 0.00435046249490978
18 24 0.00283554734356926
19 24 0.0087988502941583
20 24 0.0065830809781531
21 24 0.00141334187288503
22 24 0.00396888773181625
23 24 0.00745349158003082
24 24 0.217271975384199
1 25 0.00115529297878122
2 25 0.0093785661831924
3 25 0.0169236352245952
4 25 0.00237302151835213
5 25 0.0214600587650108
6 25 0.00327973338658825
7 25 0.00839250463133625
8 25 0.00872209175176619
9 25 0.00689432522333281
10 25 0.00126766696572463
11 25 -0.00151678145812919
12 25 0.00426890270072904
13 25 -0.0030800917253522
14 25 -0.00745732711192203
15 25 0.00384270216186966
16 25 0.0043675334762399
17 25 0.00289306844136134
18 25 0.00539427554524907
19 25 0.00439442733937534
20 25 0.00564440309849292
21 25 0.00546668528698359
22 25 0.00597554963526777
23 25 0.00359409688045126
24 25 -0.000200160455662554
25 25 0.23944681023923
1 26 -0.0066565974146131
2 26 0.0438883393520086
3 26 0.00384938010741813
4 26 0.00142089834074468
5 26 0.0155942262490022
6 26 0.00230868185083393
7 26 0.000875417334467927
8 26 0.00404275979667338
9 26 0.00389992362879177
10 26 0.0023352203348628
11 26 0.00838958424909277
12 26 0.0016810236681376
13 26 -0.000819274950123457
14 26 0.000965334817964763
15 26 -0.00316255640146933
16 26 0.00405566383068366
17 26 -0.00845198489437936
18 26 0.00431506506857495
19 26 0.00174471233168088
20 26 0.00574304652775961
21 26 0.00151069424142764
22 26 0.0150933032753474
23 26 0.0062765931921084
24 26 0.00938781677626706
25 26 0.0117037369294443
26 26 0.229340808883905
1 27 0.00960020177145609
2 27 0.0093607338711196
3 27 0.0458195140496389
4 27 0.0102388396247044
5 27 -0.00812363365599173
6 27 -0.00851021280761969
7 27 0.00745567358384609
8 27 0.00199038148848683
9 27 0.00510739417038801
10 27 1.06090689319197e-05
11 27 0.00159850382322535
12 27 -0.00590479558241213
13 27 0.0105051408714462
14 27 0.0114389948656371
15 27 0.0144701921100601
16 27 0.00030604881760543
17 27 0.00464769951671037
18 27 0.00403716395795242
19 27 0.0136961868209478
20 27 0.00828891578715983
21 27 -0.011171974513313
22 27 0.0130945002767855
23 27 0.0170289118716571
24 27 0.00544012454803911
25 27 0.0113150917663048
26 27 0.0102431670221238
27 27 0.216116543626498
1 28 0.000963164946206394
2 28 0.00330077718103353
3 28 0.0135576189277947
4 28 0.0281792640882194
5 28 0.0045373360951803
6 28 0.0015245775360553
7 28 -0.00234281979060972
8 28 -0.00183734025605391
9 28 0.00804550287081617
10 28 0.00144595650712419
11 28 0.00666245299033325
12 28 0.00706348443853339
13 28 0.00480546696150767
14 28 0.0096234461874659
15 28 -0.00898287283430004
16 28 0.0257345480569492
17 28 0.00156604072167483
18 28 -0.00686402734811562
19 28 0.00509553780789304
20 28 -0.00160949350660128
21 28 -0.0129880177679671
22 28 0.00803813820810665
23 28 0.000647085356744463
24 28 0.00067571368271263
25 28 -0.000258736165284763
26 28 0.00071925902993422
27 28 0.00603120314939362
28 28 0.236216348139675
1 29 0.00340970848444599
2 29 -0.00552551076409809
3 29 0.01177971185564
4 29 0.000563688276191816
5 29 0.0434272785315848
6 29 0.000953723331426053
7 29 0.00880985609643105
8 29 -0.00436998515718762
9 29 0.00289005873923993
10 29 0.00533949285992677
11 29 -0.00340480256881004
12 29 0.00595783128750043
13 29 0.0118348147576327
14 29 0.00438971138794193
15 29 -0.000718693795788198
16 29 0.00157094922852098
17 29 0.00203057688645136
18 29 0.00409426968430408
19 29 0.035627925791965
20 29 0.00708986577563033
21 29 0.0323470713966074
22 29 0.0172129414909413
23 29 -0.00579499871208718
24 29 -0.00125826258586599
25 29 0.0141760113507606
26 29 0.0071596239487036
27 29 0.00473963695574317
28 29 0.00341093819822318
29 29 0.242720894917578
1 30 0.00209657160412281
2 30 -0.00659916194554277
3 30 0.00571707177033942
4 30 0.00152381112902852
5 30 0.0165451657159892
6 30 0.0389031259996127
7 30 0.000898196308816962
8 30 0.00466898832622235
9 30 0.0044866729157598
10 30 0.0104050668267094
11 30 0.015301144354439
12 30 0.00952156339904751
13 30 0.0125807493166592
14 30 -0.00319808631859411
15 30 -0.00389483763525289
16 30 0.00269181879312061
17 30 -0.00595072212249125
18 30 -0.00458224775964147
19 30 0.00543991971615088
20 30 0.00933264649465652
21 30 0.00588744980455151
22 30 0.00236749731694867
23 30 0.00231950088181238
24 30 0.00342231467492783
25 30 0.00684968533440132
26 30 0.00867388231252484
27 30 0.000421413537862503
28 30 0.00501789341425218
29 30 0.0179962097457443
30 30 0.219562363166032
1 31 -0.0100770914445646
2 31 0.00421275764644997
3 31 0.0234582834415361
4 31 0.01371683851851
5 31 0.00938371388286768
6 31 -0.000623075626792725
7 31 0.0464708144064774
8 31 0.00590280087553368
9 31 -0.00248292554459891
10 31 0.00906308133760626
11 31 0.00888408321749755
12 31 0.00165923978040237
13 31 0.0131707383740949
14 31 0.000488793689179677
15 31 -0.00387290709421665
16 31 0.0106565454550083
17 31 0.00930933643842622
18 31 -0.00286242457268191
19 31 -0.0152479437532124
20 31 0.00108830362920916
21 31 0.000885349790008182
22 31 0.0135206228464367
23 31 0.007608881803699
24 31 0.0132083457563819
25 31 0.00881940381109702
26 31 0.00532366021108
27 31 0.0200585524057543
28 31 0.0118164283512501
29 31 0.0044512156876739
30 31 0.00101333077824506
31 31 0.229355889453028
1 32 0.00349149024015926
2 32 -0.00120165085186137
3 32 -0.00106108829624547
4 32 -0.0111955899441631
5 32 -0.00415462720308316
6 32 0.00893529319364797
7 32 0.00768144170740093
8 32 0.0516417480171782
9 32 0.00451345461051749
10 32 0.0108075855757054
11 32 0.0041906173281886
12 32 0.00481519958858833
13 32 0.00173973297254849
14 32 -0.00275982259537591
15 32 -0.00838904977244511
16 32 0.00157647482173288
17 32 0.00523825713604289
18 32 0.00115827010555462
19 32 -0.00142321094044019
20 32 0.00628927502432342
21 32 0.0129632418137715
22 32 0.00695494948580737
23 32 -0.0100260596053717
24 32 -0.00479149432887155
25 32 0.00738088225166247
26 32 0.00662833100733128
27 32 0.000470975296021965
28 32 -0.00672547966496044
29 32 0.0104460614107756
30 32 0.0130359955142663
31 32 0.00763652894450284
32 32 0.237228261355897
1 33 0.0131995377313334
2 33 0.00208658254165342
3 33 0.00306946761619772
4 33 0.00812825912507694
5 33 0.0100022373326053
6 33 0.0106247555757612
7 33 -0.00122729967024293
8 33 0.00819970024951108
9 33 0.0476062821432289
10 33 0.00204649432823996
11 33 0.0104023928765442
12 33 0.00977471302881404
13 33 0.00390419526216233
14 33 0.000905812319324044
15 33 0.00430524726022204
16 33 0.0118732657872028
17 33 -0.0015711252320416
18 33 -0.00569084431859315
19 33 -0.00357694905545144
20 33 0.00563804723186873
21 33 0.00153056413870602
22 33 -0.0033687772166026
23 33 0.000800852577078456
24 33 0.00244073900749867
25 33 -0.000897650162886669
26 33 0.00151824952011547
27 33 -0.00193799545159713
28 33 0.0075363819263525
29 33 -0.00209789908849868
30 33 0.000156231532875586
31 33 0.000319948929746036
32 33 -0.00373805307889942
33 33 0.224897227579904
1 34 0.00187941882824196
2 34 0.00504636239660307
3 34 0.00295524356281538
4 34 0.00726098048897766
5 34 0.0124966993997911
6 34 0.0107651587591146
7 34 -0.00472048224861946
8 34 0.00513727800072032
9 34 -0.00706259182883962
10 34 0.0495917909462441
11 34 0.00717245460400977
12 34 -0.00442879154998859
13 34 -0.00414191660359967
14 34 -0.00430202987200787
15 34 -0.0096597515723864
16 34 0.0165162812531946
17 34 0.00988224318799596
18 34 0.00951498055096887
19 34 0.00848676984796523
20 34 -0.0111238269935883
21 34 0.00631957352190175
22 34 0.0100377455871013
23 34 -0.00300482217938861
24 34 0.00600282614216562
25 34 -0.00219169114383227
26 34 0.00219784403049811
27 34 -0.00167945659319944
28 34 -0.00361745154646183
29 34 0.0134973371508742
30 34 0.014186734785322
31 34 0.00297766768821406
32 34 0.00241908950751551
33 34 0.00802303665070407
34 34 0.231928132550198
1 35 0.00958228641592425
2 35 0.0136315168863414
3 35 -0.00569643326163608
4 35 0.0113418182722071
5 35 -0.00739654596235629
6 35 0.00761091927856469
7 35 -0.00357522339730338
8 35 0.00552253530468103
9 35 -0.00271164959935022
10 35 0.0101547660431111
11 35 0.0445059707597279
12 35 0.00228526645289911
13 35 0.011271364346175
14 35 0.0105148731803353
15 35 0.00483159725385092
16 35 0.00523727719814403
17 35 0.000988503580537619
18 35 -0.00390170725758385
19 35 -0.000558823937585014
20 35 -0.00960688761894033
21 35 0.00374374870530601
22 35 -0.000615814097433203
23 35 0.0132280382837736
24 35 0.00619727233996599
25 35 0.0115891099284086
26 35 0.00960769158917949
27 35 0.00597056133128603
28 35 0.0120648800979443
29 35 0.00258629820011667
30 35 0.0129444041027766
31 35 0.00104212141941421
32 35 0.00385659258249277
33 35 0.00628882837776586
34 35 -0.0114607409559079
35 35 0.225744685622218
1 36 -0.00319539664437588
2 36 0.0192948594338904
3 36 0.0198227350732544
4 36 0.0115708513138829
5 36 0.0048185788027304
6 36 -0.00286771519405439
7 36 0.0110821012823601
8 36 0.0128219008876678
9 36 0.0148318460508163
10 36 0.00476966166724805
11 36 -0.000605105053071925
12 36 0.0402795494635495
13 36 0.0103848831588863
14 36 0.00901153580389446
15 36 -0.00951067112794785
16 36 0.0146548373239329
17 36 -0.00471483796065127
18 36 0.0161384765767201
19 36 0.00373822073070966
20 36 -0.00429827794572789
21 36 0.0086961913327486
22 36 0.00684547725218764
23 36 0.00586340544639216
24 36 -0.00654162267094926
25 36 0.0058475610799577
26 36 0.00866022466426755
27 36 -0.00389892003289267
28 36 0.0098974754975585
29 36 0.00120299231826511
30 36 0.00469368109223071
31 36 0.0113154595350179
32 36 -0.00900886610211619
33 36 0.0137395213282684
34 36 0.0152234384001173
35 36 0.00451969130328572
36 36 0.221183444261508
1 37 -0.00143742916454319
2 37 0.0032700589783691
3 37 -0.00488842813778869
4 37 -0.000321828761001767
5 37 0.00594312367217745
6 37 0.00405150208215351
7 37 -0.00775822083315075
8 37 -0.011399878577635
9 37 0.00169602821581199
10 37 0.012035107760313
11 37 0.00219317949570779
12 37 0.00649678420249871
13 37 0.042394618535915
14 37 0.00445177000426368
15 37 0.00657741766809999
16 37 0.000388107668654813
17 37 -0.0234622312162131
18 37 0.00871581760640802
19 37 0.000653810547548811
20 37 0.0093208374307187
21 37 -0.00922089027446134
22 37 -0.00389729590139388
23 37 -0.00700683640907348
24 37 0.00409489405468322
25 37 -0.000945674426227668
26 37 0.0136569733686281
27 37 0.00412001540371868
28 37 0.00382244241840211
29 37 -0.00249776385125541
30 37 0.00704962990545276
31 37 -0.00745975069618692
32 37 0.000228273935924691
33 37 -0.00325623299412326
34 37 -0.00156126864390241
35 37 0.0100357757009535
36 37 0.00299565770413909
37 37 0.230079294393324
1 38 0.0113592467561914
2 38 0.00330148339999162
3 38 0.0077864502823533
4 38 -0.00688208144476822
5 38 0.00173567468469798
6 38 0.00632802665123638
7 38 -0.00043648659506326
8 38 0.00260353441724311
9 38 0.00205542102112836
10 38 -0.0150338902086754
11 38 0.00850318480764646
12 38 0.00597319455769209
13 38 -0.00431542468724593
14 38 0.0333256714869602
15 38 -0.00328833273526255
16 38 -0.001331053751856
17 38 0.00118188438796087
18 38 0.00944680875079618
19 38 -0.0169422826076398
20 38 -0.00432871104735694
21 38 -0.00231791622284594
22 38 0.00534652740049497
23 38 0.00210335547482347
24 38 0.0110284872478856
25 38 -0.0125178985452007
26 38 0.00830295413964028
27 38 0.00245705534680717
28 38 -0.0110813182258296
29 38 0.0015763181801294
30 38 0.00490349893261834
31 38 0.00061511518872593
32 38 0.0053612270044035
33 38 -0.00523998560729207
34 38 -0.00176187863360795
35 38 -0.00296356267879173
36 38 0.00763015110377541
37 38 0.00260887196220545
38 38 0.224366525857032
1 39 0.000421523388608881
2 39 0.0046102400656521
3 39 -0.000946573808642074
4 39 0.00293099762368586
5 39 -0.00398032504196978
6 39 -0.00291457209933242
7 39 0.00127977453681762
8 39 0.00215649935963788
9 39 0.00710601201671894
10 39 -0.00174840522301216
11 39 -0.00320624387950549
12 39 -0.00476372007685177
13 39 -0.00301118320685545
14 39 -0.00386134049842852
15 39 0.0398529822209418
16 39 0.00774456619704092
17 39 0.00352313098144536
18 39 0.00421016264587839
19 39 -7.2059494210331e-05
20 39 -0.00111995229435277
21 39 0.00748797731292886
22 39 0.00471564654971684
23 39 -0.0085682853901482
24 39 -0.00266126279268562
25 39 0.00671236093722571
26 39 -0.0104526695797437
27 39 -0.0101407144589507
28 39 0.00117431670159473
29 39 0.000965452648657837
30 39 0.00458367008294676
31 39 0.00127530966743595
32 39 -0.00370022128613256
33 39 0.0137330108931325
34 39 -0.00328773418521147
35 39 -0.00782521240149236
36 39 0.0118844514754647
37 39 -0.0090913473760745
38 39 0.00858325359229101
39 39 0.220641195800769
1 40 0.012170449196181
2 40 0.00955915164379036
3 40 0.000545617606080115
4 40 -0.00124504411827546
5 40 0.0053531335569071
6 40 -0.000464413732382673
7 40 -0.0059767669843156
8 40 7.19471676382834e-06
9 40 0.0187417127653139
10 40 0.0119481799523847
11 40 0.0141417843904856
12 40 0.0136047510755354
13 40 0.0127722391768012
14 40 0.0123050730315797
15 40 0.00651963410638937
16 40 0.0296795366941677
17 40 0.00870270114826161
18 40 0.00518013360875614
19 40 -0.00487041935128873
20 40 0.00723885976646021
21 40 0.000102473038087577
22 40 0.0118367143350753
23 40 -0.00534367321544993
24 40 -0.000588138644054197
25 40 0.00105414423580915
26 40 0.00929651381929789
27 40 0.00715927531873106
28 40 0.0152269743641696
29 40 0.00649209398593738
30 40 0.0046973439077817
31 40 0.00187999931157597
32 40 0.0101738234349138
33 40 0.0109900887841649
34 40 0.000554630216822735
35 40 0.0157547633157646
36 40 0.00588602364807176
37 40 0.00685103261558716
38 40 0.00822207987014337
39 40 -0.0020818461176403
40 40 0.230594968894205
1 41 0.00989729329988314
2 41 0.011168385210616
3 41 -0.00270183380409628
4 41 0.00414950122033911
5 41 0.00351081240294459
6 41 -0.00790406001845468
7 41 0.00473516590811986
8 41 0.00426406579094514
9 41 -0.00137680925430147
10 41 -0.00811100534115983
11 41 -0.0103165325136633
12 41 0.00152470891560781
13 41 -0.0056037621457858
14 41 9.8971253722721e-05
15 41 0.00940888470343465
16 41 0.00529850114537103
17 41 0.0446647282438675
18 41 -0.00639570652895925
19 41 0.00682189619674669
20 41 0.012607513305562
21 41 -0.00264140228266781
22 41 0.00604993692570108
23 41 -0.00667214816912421
24 41 0.00448872454078996
25 41 -0.00791085152615261
26 41 0.00216181666235597
27 41 0.00396003098775374
28 41 -0.00500068110659599
29 41 0.00581224620165113
30 41 0.00267821660683106
31 41 -0.00355330296255151
32 41 0.000421815742192236
33 41 0.0114118602871747
34 41 0.00170505270849083
35 41 -0.0112823212441358
36 41 -0.00250865796458826
37 41 -0.0106576813000955
38 41 0.0020352344815944
39 41 0.00643002925890699
40 41 0.0163759206877534
41 41 0.24595319541882
1 42 0.00345432525132073
2 42 0.00602746731524436
3 42 0.00849129195497839
4 42 0.0142526403898664
5 42 0.0106719377394381
6 42 -0.00068486114942458
7 42 0.0121930310286157
8 42 -0.00399481740703039
9 42 0.00541980158267669
10 42 0.00171660077073249
11 42 -0.000355727108276992
12 42 -0.00158188700341938
13 42 0.00834777800571143
14 42 -0.00411382776019548
15 42 -0.00367891472439189
16 42 0.0023274526229906
17 42 0.00220156582304224
18 42 0.046258504255359
19 42 0.00574836418445991
20 42 0.00689350777475965
21 42 0.00383031674554795
22 42 0.00078923686936744
23 42 0.00253242123697295
24 42 0.00969999489491239
25 42 -0.00313145377328237
26 42 -0.00718240723972352
27 42 0.0134879604284068
28 42 0.00960777224121759
29 42 0.01907429169543
30 42 0.00365750299189725
31 42 0.00159242339986352
32 42 0.0208625931897179
33 42 0.000808986451733286
34 42 0.012605963320923
35 42 0.00200737772615319
36 42 0.00556870659047713
37 42 -0.00689869458518517
38 42 -0.00558554669316382
39 42 -0.00217533401062204
40 42 0.000526886022683587
41 42 0.00547492270515676
42 42 0.221694693204839
1 43 0.00691462975734214
2 43 0.00850604662719252
3 43 -0.00420771135498707
4 43 0.0100340729431778
5 43 -0.00380666433019152
6 43 0.00254942520177611
7 43 0.00655106192226312
8 43 0.00114241278395903
9 43 -0.00426224476705123
10 43 -0.00228165963406009
11 43 -0.00674069529554076
12 43 0.0147230804632442
13 43 0.0148360744309772
14 43 0.0082833922966245
15 43 0.00188129377010558
16 43 0.0145379730859908
17 43 0.00866852235612514
18 43 0.00171402108396673
19 43 0.0450643691954296
20 43 0.0152752670173302
21 43 0.0103881107919599
22 43 0.000814698508617862
23 43 0.00195957341875222
24 43 -0.00625350286175535
25 43 -0.00739653791956103
26 43 0.00380820317320206
27 43 -0.00599445110078649
28 43 0.00417854711439497
29 43 0.00926160982822392
30 43 0.00638886887660596
31 43 0.00365282817276601
32 43 0.00416398067054473
33 43 -0.00410892404050614
34 43 0.00321330500073943
35 43 -0.000677932574599967
36 43 -5.32325768173311e-05
37 43 0.00205771342142887
38 43 -0.00302025273496625
39 43 -0.00500120344367164
40 43 0.00437368855854305
41 43 0.00376148040721592
42 43 0.000541013191611806
43 43 0.229017807932779
1 44 0.00984874402476305
2 44 0.00646466750178502
3 44 -0.0036206745883788
4 44 -0.00194410568083867
5 44 -0.00104159486314133
6 44 0.00669473694592846
7 44 0.00303111831424291
8 44 0.00464318520998757
9 44 0.00976795585022821
10 44 0.00454643430900211
11 44 -0.00479510671323902
12 44 0.0122356259595497
13 44 -0.013665939288729
14 44 -0.00672448091748852
15 44 -0.00412707412289341
16 44 0.0068667953060348
17 44 -0.00347839311901864
18 44 -0.000813637310921553
19 44 0.00701886139657801
20 44 0.0340925515632971
21 44 -0.00395357807857452
22 44 0.0110441150857271
23 44 0.00237880472385198
24 44 -0.0023242242030816
25 44 0.0085298912717188
26 44 0.0118815331928366
27 44 0.00786403270706924
28 44 0.00439585570381097
29 44 0.00593938322477402
30 44 -0.00285894062793027
31 44 0.002760028561485
32 44 0.0060690910833771
33 44 0.00351823270431313
34 44 -0.00523298106379007
35 44 -0.00704563864678187
36 44 0.00337232527398224
37 44 0.00222267983946045
38 44 0.0013327719816828
39 44 -0.00320619297844025
40 44 0.00565500917795011
41 44 -0.0075367975386671
42 44 0.00213206949213125
43 44 -0.00765276651344299
44 44 0.210728547981522
1 45 0.00418072501394508
2 45 0.0187893072863578
3 45 0.00505544533015977
4 45 -0.00132459868490361
5 45 0.00166892844871053
6 45 0.0100668576884105
7 45 -0.00328650079777612
8 45 0.00935461959196037
9 45 0.0126088873918552
10 45 -0.00717709789621143
11 45 0.000581446827103996
12 45 0.00927326271085967
13 45 0.00658059965438237
14 45 0.000270885514497771
15 45 0.00357323268921839
16 45 0.0164873987210754
17 45 -0.0105821000697936
18 45 0.0134516244824394
19 45 0.00861410351913053
20 45 -0.00182951987948128
21 45 0.0518273072452841
22 45 0.00713066972438548
23 45 -0.00675393263913299
24 45 0.0108703133167599
25 45 0.00981467159181176
26 45 -0.000989604632980272
27 45 -0.00447952413859317
28 45 -0.00318226875483874
29 45 0.00929349990253247
30 45 -0.00669124061071887
31 45 0.00203304698940308
32 45 0.00962582610053988
33 45 -0.00710648946226381
34 45 0.0129236146783728
35 45 0.00916431854077564
36 45 0.00423063467071149
37 45 0.0134890485038898
38 45 0.0019490125927038
39 45 0.00697384153749677
40 45 0.0097493085596856
41 45 0.000270204576332713
42 45 0.0117426710652476
43 45 0.00577936716887556
44 45 -0.000820591503684407
45 45 0.236926686974487
1 46 -0.00650768934802638
2 46 0.00697883689168958
3 46 -0.00176753447368466
4 46 -0.0114784640429355
5 46 0.0179278939483684
6 46 -0.00327930092704954
7 46 0.00842343030219749
8 46 0.00114971356702895
9 46 0.0121731326790637
10 46 -0.0023171854001596
11 46 -0.00749382441125452
12 46 0.00389684171175367
13 46 0.0101532416776761
14 46 -0.00434239960261665
15 46 -0.00238065808570746
16 46 0.00802475642572565
17 46 0.00111944700242713
18 46 -0.000507075330137347
19 46 -0.00390293946589399
20 46 0.0187455088372199
21 46 -0.000633808523945252
22 46 0.0402173494893697
23 46 -0.00841314226390117
24 46 0.0110645583345612
25 46 0.00697873132986852
26 46 0.0134478560761324
27 46 0.00339942761019806
28 46 -0.00466562233204667
29 46 0.009584392325644
30 46 0.0124064092450971
31 46 0.0286791158882305
32 46 0.00334667207536052
33 46 0.0137821986197346
34 46 0.0101954821633092
35 46 -0.00640659375147385
36 46 0.00556874509877262
37 46 0.000439719930625093
38 46 0.00204413342097063
39 46 -0.000407603799797886
40 46 0.00601429046387418
41 46 0.00873578504993738
42 46 0.000790204842280814
43 46 0.00741283965540875
44 46 0.0145825728581435
45 46 -0.00120881259798568
46 46 0.225638143576724
1 47 0.00527408300329827
2 47 0.0139520012764008
3 47 -0.00431759368573227
4 47 0.00533457124555106
5 47 0.00978562068674586
6 47 0.0018966421710763
7 47 0.00173847126362924
8 47 0.011618364644251
9 47 -0.00429189394460521
10 47 0.00641202246229187
11 47 0.00469384281355447
12 47 0.00212184815619083
13 47 0.00231005588957081
14 47 0.0104273663070011
15 47 -0.00588876968370805
16 47 0.0149065599177366
17 47 0.00047951723461901
18 47 0.0191372972158721
19 47 0.00237722350354124
20 47 -0.00499327525474228
21 47 0.00854324447195871
22 47 0.013658056996472
23 47 0.0447013001550572
24 47 0.0149532946077201
25 47 0.000925391104074251
26 47 0.00566541764745735
27 47 -0.00424325406900702
28 47 -0.00683752727399595
29 47 0.000908911498093517
30 47 -0.00305745613638521
31 47 0.0158213391360192
32 47 0.00044905430785525
33 47 -0.0125003118237517
34 47 0.0182916022500553
35 47 0.00365034792890682
36 47 0.000914156207384762
37 47 -0.00318882368847734
38 47 -0.000149560218402038
39 47 -0.00912842087073286
40 47 -0.000256776865324634
41 47 0.00935806536276257
42 47 -0.00431749653484884
43 47 0.0100172957482525
44 47 0.00237261397074787
45 47 -0.000316676629505715
46 47 0.00972093794883493
47 47 0.228503439534013
1 48 -0.0044186886680614
2 48 0.0140489389534412
3 48 0.0129150805171281
4 48 0.00763928154173318
5 48 0.00539609557402694
6 48 0.000465236005208291
7 48 0.00366753549873047
8 48 -0.00760575009619666
9 48 0.0127068196665716
10 48 0.0221986098521363
11 48 0.0029406754944084
12 48 0.00321392785781339
13 48 -0.00234417562781776
14 48 0.0172325519825553
15 48 0.00278562745124565
16 48 0.00904094287896479
17 48 0.0136045805194507
18 48 0.0260467261872481
19 48 -0.00560583484958582
20 48 0.00477005865289966
21 48 0.000354419553843025
22 48 -0.00682396437588276
23 48 0.00993571433395836
24 48 0.0419422651604659
25 48 0.00367770520184979
26 48 0.002374266239729
27 48 0.00846652715251709
28 48 -0.0178124879437698
29 48 0.00527307391988198
30 48 0.00523472400954772
31 48 0.0146257828053727
32 48 -0.00335983844592297
33 48 -0.00458627404714072
34 48 -0.0037756230187539
35 48 -0.00329605311614907
36 48 0.0085221835960198
37 48 0.0101927146906571
38 48 0.0104052922402249
39 48 0.00109639847329591
40 48 -0.00463448973916178
41 48 -0.00303244162703458
42 48 0.00596556087703367
43 48 0.000912188484336808
44 48 -0.00329324657760954
45 48 -0.00111033496534375
46 48 0.00351082170622269
47 48 0.00757971310368284
48 48 0.221770011256221
1 49 0.00655175058271832
2 49 0.010679949955538
3 49 -0.00530813064963329
4 49 0.00558356541077291
5 49 -0.000765937672383737
6 49 -0.00660617582417206
7 49 0.00343647530632834
8 49 0.0125409262745093
9 49 0.00779414828005958
10 49 0.000600511496098473
11 49 0.00417175916414331
12 49 -0.000178650255826203
13 49 0.0101644920833589
14 49 -0.00398156888021206
15 49 0.00344465479767313
16 49 0.00768135030560905
17 49 -0.00334219690976255
18 49 0.00601500852856895
19 49 0.00390637334765804
20 49 0.00475802586285641
21 49 -0.00076496334328335
22 49 0.00191322065562548
23 49 0.00556469512773122
24 49 -0.0112173358140373
25 49 0.0367753074223326
26 49 0.00196957969688528
27 49 -0.002374689393816
28 49 0.00493819871207451
29 49 -0.00313765703847427
30 49 0.000500128360593231
31 49 0.0154730413812435
32 49 -0.00638024033678585
33 49 -0.0141368233293171
34 49 0.00480182348256934
35 49 -0.0043737560131959
36 49 0.00675208217095237
37 49 0.00163858022719584
38 49 -0.00552170465921616
39 49 0.00571017331566926
40 49 0.0113561348825815
41 49 -0.000590147163619443
42 49 0.00127371744793211
43 49 0.00178500562728162
44 49 -0.00589848992666134
45 49 0.000791236547906252
46 49 -0.000810317955935824
47 49 -1.93270588630474e-05
48 49 -0.00114360237432666
49 49 0.214229549448982
1 50 0.041133026651536
2 50 0.000327512182120035
3 50 -0.00734105984064964
4 50 -4.51698994167558e-05
5 50 -0.0043057568803929
6 50 -0.00036472456147344
7 50 -0.00223979435262035
8 50 0.00101365235881798
9 50 -0.00250424095323507
10 50 0.00034560207835087
11 50 0.00364580755044619
12 50 0.00841187876406153
13 50 0.000966420266421679
14 50 0.00630607684089455
15 50 -0.00157497899712546
16 50 -0.00106340283672488
17 50 0.00456807093337001
18 50 0.00741627337027577
19 50 0.0102003059607505
20 50 -0.00647511175667317
21 50 -0.00315265399687426
22 50 0.00372121715155351
23 50 0.000483693763239946
24 50 0.00725361799803571
25 50 -0.00237516415846602
26 50 -0.00876785310482817
27 50 0.00409932579579935
28 50 0.0156352049938333
29 50 0.00887368269728413
30 50 -0.00824608640267589
31 50 -0.00793617262371513
32 50 0.00539817709576553
33 50 0.00424074195264349
34 50 0.00815022164474173
35 50 0.00554156382161399
36 50 -0.00377798731764825
37 50 0.00413842598766762
38 50 -0.00482474003391259
39 50 0.00582729174146189
40 50 0.00537315913987597
41 50 0.00126517546573599
42 50 0.00501463491236716
43 50 -0.0116590639080959
44 50 0.00402713072155928
45 50 0.0101639662590235
46 50 -0.00664600862963954
47 50 0.00203789513022952
48 50 -0.00299641221604698
49 50 0.000898857198024685
50 50 0.226588518160885
