1 1 1.01412200927734
1 2 0.0460777282714844
2 2 1.06049728393555
1 3 0.0690336227416992
2 3 0.0484542846679688
3 3 1.05026054382324
1 4 0.043121337890625
2 4 0.0506448745727539
3 4 0.0823488235473633
4 4 1.02834320068359
1 5 0.0425701141357422
2 5 0.0987873077392578
3 5 0.0497446060180664
4 5 0.0777473449707031
5 5 1.03316116333008
1 6 0.0483922958374023
2 6 0.0443363189697266
3 6 0.0366973876953125
4 6 0.0436620712280273
5 6 0.0605573654174805
6 6 1.03000068664551
1 7 0.0616874694824219
2 7 0.102575302124023
3 7 0.0377521514892578
4 7 0.035862922668457
5 7 0.0924816131591797
6 7 0.0853824615478516
7 7 1.0129280090332
1 8 0.0575780868530273
2 8 0.0555019378662109
3 8 0.0947132110595703
4 8 0.0735750198364258
5 8 0.0627403259277344
6 8 0.0371522903442383
7 8 0.0436248779296875
8 8 1.08122634887695
1 9 0.0556535720825195
2 9 0.0481681823730469
3 9 0.112615585327148
4 9 0.0476903915405273
5 9 0.0651969909667969
6 9 0.0528964996337891
7 9 0.0487461090087891
8 9 0.0509090423583984
9 9 1.03347778320312
1 10 0.0621042251586914
2 10 0.0456457138061523
3 10 0.141521453857422
4 10 0.0581579208374023
5 10 0.0481843948364258
6 10 0.0475263595581055
7 10 0.0421667098999023
8 10 0.0730867385864258
9 10 0.100153923034668
10 10 1.02668380737305
1 11 0.0348606109619141
2 11 0.0421323776245117
3 11 0.0591459274291992
4 11 0.052515983581543
5 11 0.0635690689086914
6 11 0.0457620620727539
7 11 0.0365667343139648
8 11 0.0456886291503906
9 11 0.114953994750977
10 11 0.0612020492553711
11 11 1.04577255249023
1 12 0.0508689880371094
2 12 0.0532960891723633
3 12 0.0403661727905273
4 12 0.0406980514526367
5 12 0.0545234680175781
6 12 0.169195175170898
7 12 0.0871381759643555
8 12 0.0423793792724609
9 12 0.0436191558837891
10 12 0.0427122116088867
11 12 0.0365562438964844
12 12 1.02645683288574
1 13 0.0517616271972656
2 13 0.0737819671630859
3 13 0.138800621032715
4 13 0.0589532852172852
5 13 0.0479450225830078
6 13 0.0388059616088867
7 13 0.0447864532470703
8 13 0.0478649139404297
9 13 0.121538162231445
10 13 0.0538482666015625
11 13 0.0414638519287109
12 13 0.0391397476196289
13 13 1.02573394775391
1 14 0.0412063598632812
2 14 0.0596551895141602
3 14 0.0560073852539062
4 14 0.0583477020263672
5 14 0.0641708374023438
6 14 0.0836238861083984
7 14 0.0453462600708008
8 14 0.0493392944335938
9 14 0.119799613952637
10 14 0.0704793930053711
11 14 0.126728057861328
12 14 0.0566301345825195
13 14 0.0507307052612305
14 14 1.0413761138916
1 15 0.0616216659545898
2 15 0.0481958389282227
3 15 0.0572624206542969
4 15 0.0467453002929688
5 15 0.0458345413208008
6 15 0.0429191589355469
7 15 0.0465517044067383
8 15 0.139097213745117
9 15 0.0480995178222656
10 15 0.0561084747314453
11 15 0.0439291000366211
12 15 0.0978240966796875
13 15 0.0394573211669922
14 15 0.0417318344116211
15 15 1.02069091796875
1 16 0.0404787063598633
2 16 0.0766458511352539
3 16 0.0918846130371094
4 16 0.166951179504395
5 16 0.0384111404418945
6 16 0.0349674224853516
7 16 0.0319890975952148
8 16 0.0657558441162109
9 16 0.0394258499145508
10 16 0.0900020599365234
11 16 0.0681333541870117
12 16 0.0350856781005859
13 16 0.0529365539550781
14 16 0.0585699081420898
15 16 0.0512962341308594
16 16 1.02051544189453
1 17 0.04681396484375
2 17 0.0892753601074219
3 17 0.0616140365600586
4 17 0.0539569854736328
5 17 0.0542335510253906
6 17 0.0488529205322266
7 17 0.04736328125
8 17 0.0580825805664062
9 17 0.0639219284057617
10 17 0.0745658874511719
11 17 0.0489444732666016
12 17 0.0476016998291016
13 17 0.0786151885986328
14 17 0.0645809173583984
15 17 0.0668544769287109
16 17 0.0518093109130859
17 17 1.0323600769043
1 18 0.0630416870117188
2 18 0.0650568008422852
3 18 0.0681037902832031
4 18 0.0615777969360352
5 18 0.0651407241821289
6 18 0.0423192977905273
7 18 0.0488481521606445
8 18 0.0876121520996094
9 18 0.0606422424316406
10 18 0.0623502731323242
11 18 0.039799690246582
12 18 0.0565977096557617
13 18 0.0620689392089844
14 18 0.0459556579589844
15 18 0.0785017013549805
16 18 0.0490570068359375
17 18 0.0791397094726562
18 18 1.02896499633789
1 19 0.0545969009399414
2 19 0.0352725982666016
3 19 0.0340175628662109
4 19 0.0374975204467773
5 19 0.041041374206543
6 19 0.189233779907227
7 19 0.0757579803466797
8 19 0.033564567565918
9 19 0.0715274810791016
10 19 0.0598459243774414
11 19 0.0431356430053711
12 19 0.17003059387207
13 19 0.0350561141967773
14 19 0.0619068145751953
15 19 0.0472221374511719
16 19 0.0282649993896484
17 19 0.0514297485351562
18 19 0.0525999069213867
19 19 1.03254127502441
1 20 0.104317665100098
2 20 0.0975246429443359
3 20 0.038121223449707
4 20 0.0403432846069336
5 20 0.0645208358764648
6 20 0.117877960205078
7 20 0.0750236511230469
8 20 0.0310573577880859
9 20 0.0492219924926758
10 20 0.0410490036010742
11 20 0.0405187606811523
12 20 0.100661277770996
13 20 0.056492805480957
14 20 0.0737667083740234
15 20 0.0407896041870117
16 20 0.0465087890625
17 20 0.0502643585205078
18 20 0.0362024307250977
19 20 0.104177474975586
20 20 1.0200309753418
1 21 0.1033935546875
2 21 0.0387697219848633
3 21 0.0383377075195312
4 21 0.0407991409301758
5 21 0.0574522018432617
6 21 0.0452604293823242
7 21 0.0361013412475586
8 21 0.064178466796875
9 21 0.0460901260375977
10 21 0.0499496459960938
11 21 0.0493125915527344
12 21 0.0367555618286133
13 21 0.033935546875
14 21 0.0473384857177734
15 21 0.0738315582275391
16 21 0.0565280914306641
17 21 0.051325798034668
18 21 0.0716829299926758
19 21 0.0457220077514648
20 21 0.0384235382080078
21 21 1.03301620483398
1 22 0.114089965820312
2 22 0.0422906875610352
3 22 0.053135871887207
4 22 0.0453615188598633
5 22 0.0397138595581055
6 22 0.0430593490600586
7 22 0.050602912902832
8 22 0.0443429946899414
9 22 0.0608816146850586
10 22 0.0523099899291992
11 22 0.047673225402832
12 22 0.0502605438232422
13 22 0.0420112609863281
14 22 0.0526571273803711
15 22 0.0481796264648438
16 22 0.0431909561157227
17 22 0.0484104156494141
18 22 0.0516338348388672
19 22 0.049311637878418
20 22 0.10113525390625
21 22 0.0480480194091797
22 22 1.01665878295898
1 23 0.0681524276733398
2 23 0.0442514419555664
3 23 0.0493412017822266
4 23 0.0384712219238281
5 23 0.0406312942504883
6 23 0.0761833190917969
7 23 0.103325843811035
8 23 0.130313873291016
9 23 0.0494213104248047
10 23 0.0512142181396484
11 23 0.0508718490600586
12 23 0.0765609741210938
13 23 0.0410423278808594
14 23 0.0374917984008789
15 23 0.126338958740234
16 23 0.0380001068115234
17 23 0.0646820068359375
18 23 0.070582389831543
19 23 0.0806159973144531
20 23 0.0333719253540039
21 23 0.0637397766113281
22 23 0.0437355041503906
23 23 1.01945114135742
1 24 0.054957389831543
2 24 0.0355825424194336
3 24 0.0811567306518555
4 24 0.117334365844727
5 24 0.0732412338256836
6 24 0.0475397109985352
7 24 0.0474996566772461
8 24 0.0733699798583984
9 24 0.073796272277832
10 24 0.0562381744384766
11 24 0.0314502716064453
12 24 0.0525503158569336
13 24 0.0931987762451172
14 24 0.0410251617431641
15 24 0.0646200180053711
16 24 0.0383234024047852
17 24 0.0974321365356445
18 24 0.0903158187866211
19 24 0.0490102767944336
20 24 0.0311088562011719
21 24 0.0522670745849609
22 24 0.0567188262939453
23 24 0.056117057800293
24 24 1.04430389404297
1 25 0.0493106842041016
2 25 0.11368465423584
3 25 0.0597829818725586
4 25 0.0686769485473633
5 25 0.133459091186523
6 25 0.0653905868530273
7 25 0.110714912414551
8 25 0.0604143142700195
9 25 0.0521135330200195
10 25 0.0477075576782227
11 25 0.0410213470458984
12 25 0.0749330520629883
13 25 0.0578203201293945
14 25 0.0693016052246094
15 25 0.0454225540161133
16 25 0.0461139678955078
17 25 0.0550909042358398
18 25 0.0630722045898438
19 25 0.056818962097168
20 25 0.0853643417358398
21 25 0.0374546051025391
22 25 0.0577554702758789
23 25 0.0400876998901367
24 25 0.0557565689086914
25 25 1.02786445617676
1 26 0.048701286315918
2 26 0.305129051208496
3 26 0.0462923049926758
4 26 0.0441217422485352
5 26 0.0991306304931641
6 26 0.0659751892089844
7 26 0.103720664978027
8 26 0.0495452880859375
9 26 0.0760307312011719
10 26 0.0856637954711914
11 26 0.0400466918945312
12 26 0.072596549987793
13 26 0.0563840866088867
14 26 0.116448402404785
15 26 0.0510149002075195
16 26 0.0593786239624023
17 26 0.0647506713867188
18 26 0.0587491989135742
19 26 0.0721073150634766
20 26 0.102163314819336
21 26 0.0427513122558594
22 26 0.0490913391113281
23 26 0.0428800582885742
24 26 0.0447549819946289
25 26 0.121994018554688
26 26 1.01776313781738
1 27 0.114014625549316
2 27 0.0591230392456055
3 27 0.308193206787109
4 27 0.0614347457885742
5 27 0.044764518737793
6 27 0.0398483276367188
7 27 0.0436620712280273
8 27 0.0676660537719727
9 27 0.117060661315918
10 27 0.0669546127319336
11 27 0.0436220169067383
12 27 0.0391263961791992
13 27 0.161767959594727
14 27 0.0531044006347656
15 27 0.0509481430053711
16 27 0.062067985534668
17 27 0.0642871856689453
18 27 0.0576658248901367
19 27 0.0440311431884766
20 27 0.110270500183105
21 27 0.0400772094726562
22 27 0.114656448364258
23 27 0.0461263656616211
24 27 0.0714321136474609
25 27 0.050506591796875
26 27 0.0573015213012695
27 27 1.02546691894531
1 28 0.0415573120117188
2 28 0.0843915939331055
3 28 0.0731973648071289
4 28 0.291358947753906
5 28 0.0676498413085938
6 28 0.041966438293457
7 28 0.0331296920776367
8 28 0.0559530258178711
9 28 0.0450239181518555
10 28 0.0664749145507812
11 28 0.0537576675415039
12 28 0.03912353515625
13 28 0.0555686950683594
14 28 0.0539684295654297
15 28 0.0513277053833008
16 28 0.229706764221191
17 28 0.0561933517456055
18 28 0.0530605316162109
19 28 0.0371122360229492
20 28 0.0513029098510742
21 28 0.0560808181762695
22 28 0.0413246154785156
23 28 0.0379705429077148
24 28 0.0490818023681641
25 28 0.0564861297607422
26 28 0.0548181533813477
27 28 0.0594463348388672
28 28 1.01826858520508
1 29 0.104185104370117
2 29 0.099329948425293
3 29 0.0338954925537109
4 29 0.0379209518432617
5 29 0.288949012756348
6 29 0.0596446990966797
7 29 0.10883617401123
8 29 0.0436391830444336
9 29 0.0702543258666992
10 29 0.0504055023193359
11 29 0.0658130645751953
12 29 0.0556774139404297
13 29 0.0336036682128906
14 29 0.0657224655151367
15 29 0.0547075271606445
16 29 0.0326309204101562
17 29 0.0475063323974609
18 29 0.0464868545532227
19 29 0.0572910308837891
20 29 0.131711006164551
21 29 0.0510454177856445
22 29 0.103182792663574
23 29 0.0536966323852539
24 29 0.0371217727661133
25 29 0.103276252746582
26 29 0.107944488525391
27 29 0.0949468612670898
28 29 0.0378570556640625
29 29 1.0169620513916
1 30 0.05657958984375
2 30 0.126811027526855
3 30 0.0519866943359375
4 30 0.0432748794555664
5 30 0.0539007186889648
6 30 0.294255256652832
7 30 0.0879411697387695
8 30 0.0575847625732422
9 30 0.0627899169921875
10 30 0.0627737045288086
11 30 0.0460901260375977
12 30 0.107680320739746
13 30 0.0628013610839844
14 30 0.0551385879516602
15 30 0.0674715042114258
16 30 0.0478639602661133
17 30 0.0894012451171875
18 30 0.0688610076904297
19 30 0.134268760681152
20 30 0.0560436248779297
21 30 0.0518732070922852
22 30 0.0448274612426758
23 30 0.0903425216674805
24 30 0.0578279495239258
25 30 0.060704231262207
26 30 0.0718631744384766
27 30 0.0587682723999023
28 30 0.0721073150634766
29 30 0.0539150238037109
30 30 1.0303955078125
1 31 0.0453672409057617
2 31 0.13369083404541
3 31 0.044957160949707
4 31 0.051539421081543
5 31 0.0971212387084961
6 31 0.0448160171508789
7 31 0.280919075012207
8 31 0.0524120330810547
9 31 0.0469827651977539
10 31 0.0474557876586914
11 31 0.0419139862060547
12 31 0.0527610778808594
13 31 0.0418567657470703
14 31 0.0512285232543945
15 31 0.0556192398071289
16 31 0.0701322555541992
17 31 0.0546855926513672
18 31 0.0649614334106445
19 31 0.0420846939086914
20 31 0.0696077346801758
21 31 0.0991849899291992
22 31 0.0429439544677734
23 31 0.0457735061645508
24 31 0.0403938293457031
25 31 0.114963531494141
26 31 0.111311912536621
27 31 0.0434627532958984
28 31 0.0618362426757812
29 31 0.10356616973877
30 31 0.0681076049804688
31 31 1.01941108703613
1 32 0.061192512512207
2 32 0.0474653244018555
3 32 0.106655120849609
4 32 0.0676746368408203
5 32 0.0481443405151367
6 32 0.0411586761474609
7 32 0.0498037338256836
8 32 0.335233688354492
9 32 0.0477523803710938
10 32 0.0989437103271484
11 32 0.0695562362670898
12 32 0.0526027679443359
13 32 0.0389976501464844
14 32 0.0442743301391602
15 32 0.122383117675781
16 32 0.104864120483398
17 32 0.0591812133789062
18 32 0.0861139297485352
19 32 0.0435962677001953
20 32 0.0340681076049805
21 32 0.0640983581542969
22 32 0.0556163787841797
23 32 0.116294860839844
24 32 0.0726289749145508
25 32 0.0451059341430664
26 32 0.0498056411743164
27 32 0.0597009658813477
28 32 0.0703725814819336
29 32 0.0420503616333008
30 32 0.0577630996704102
31 32 0.0457220077514648
32 32 1.03290557861328
1 33 0.0633211135864258
2 33 0.0434703826904297
3 33 0.144356727600098
4 33 0.070556640625
5 33 0.0649585723876953
6 33 0.0444040298461914
7 33 0.0432853698730469
8 33 0.0628452301025391
9 33 0.313560485839844
10 33 0.089940071105957
11 33 0.0353622436523438
12 33 0.0444211959838867
13 33 0.160558700561523
14 33 0.0524463653564453
15 33 0.0448741912841797
16 33 0.0440149307250977
17 33 0.0958452224731445
18 33 0.0786018371582031
19 33 0.0494470596313477
20 33 0.0427474975585938
21 33 0.0385808944702148
22 33 0.0549192428588867
23 33 0.0469169616699219
24 33 0.158225059509277
25 33 0.0612583160400391
26 33 0.0605173110961914
27 33 0.140482902526855
28 33 0.0541191101074219
29 33 0.0434141159057617
30 33 0.0562686920166016
31 33 0.0411577224731445
32 33 0.0453510284423828
33 33 1.06472778320312
1 34 0.0535440444946289
2 34 0.043360710144043
3 34 0.14604377746582
4 34 0.0952634811401367
5 34 0.0751276016235352
6 34 0.0425500869750977
7 34 0.0375471115112305
8 34 0.103167533874512
9 34 0.0639371871948242
10 34 0.300783157348633
11 34 0.0539693832397461
12 34 0.0405359268188477
13 34 0.0641708374023438
14 34 0.0573034286499023
15 34 0.0508499145507812
16 34 0.0731525421142578
17 34 0.0814762115478516
18 34 0.0792417526245117
19 34 0.0375661849975586
20 34 0.0300493240356445
21 34 0.0487937927246094
22 34 0.0407133102416992
23 34 0.0440216064453125
24 34 0.102148056030273
25 34 0.0528688430786133
26 34 0.0427427291870117
27 34 0.0636720657348633
28 34 0.0655193328857422
29 34 0.0422458648681641
30 34 0.0538930892944336
31 34 0.0425119400024414
32 34 0.0954399108886719
33 34 0.0832834243774414
34 34 1.03121566772461
1 35 0.0700626373291016
2 35 0.0444345474243164
3 35 0.108541488647461
4 35 0.0603904724121094
5 35 0.0532369613647461
6 35 0.0452671051025391
7 35 0.042729377746582
8 35 0.0580997467041016
9 35 0.0696601867675781
10 35 0.0973901748657227
11 35 0.297128677368164
12 35 0.0384683609008789
13 35 0.0620326995849609
14 35 0.0707807540893555
15 35 0.0500459671020508
16 35 0.0754690170288086
17 35 0.0551357269287109
18 35 0.0460348129272461
19 35 0.0418777465820312
20 35 0.0432071685791016
21 35 0.0438766479492188
22 35 0.0471048355102539
23 35 0.0508356094360352
24 35 0.0523624420166016
25 35 0.0453500747680664
26 35 0.048060417175293
27 35 0.0668573379516602
28 35 0.0601596832275391
29 35 0.0551280975341797
30 35 0.0538148880004883
31 35 0.0410785675048828
32 35 0.0774850845336914
33 35 0.0733127593994141
34 35 0.0910806655883789
35 35 1.02141952514648
1 36 0.0510005950927734
2 36 0.0592565536499023
3 36 0.0537233352661133
4 36 0.0620479583740234
5 36 0.0899419784545898
6 36 0.114338874816895
7 36 0.0906305313110352
8 36 0.0555019378662109
9 36 0.0598363876342773
10 36 0.0738458633422852
11 36 0.0426664352416992
12 36 0.289936065673828
13 36 0.0492610931396484
14 36 0.0548763275146484
15 36 0.0615015029907227
16 36 0.0593881607055664
17 36 0.0654258728027344
18 36 0.0696935653686523
19 36 0.11384105682373
20 36 0.0410270690917969
21 36 0.0579652786254883
22 36 0.0472803115844727
23 36 0.082636833190918
24 36 0.0668582916259766
25 36 0.126829147338867
26 36 0.0704774856567383
27 36 0.0503911972045898
28 36 0.0716943740844727
29 36 0.0661983489990234
30 36 0.126863479614258
31 36 0.0800514221191406
32 36 0.055689811706543
33 36 0.0643339157104492
34 36 0.0606145858764648
35 36 0.0492792129516602
36 36 1.02301597595215
1 37 0.0564994812011719
2 37 0.0992898941040039
3 37 0.125616073608398
4 37 0.0491504669189453
5 37 0.109785079956055
6 37 0.0701684951782227
7 37 0.111191749572754
8 37 0.0489864349365234
9 37 0.123576164245605
10 37 0.052006721496582
11 37 0.0363712310791016
12 37 0.0852432250976562
13 37 0.315909385681152
14 37 0.0655279159545898
15 37 0.0461282730102539
16 37 0.0374240875244141
17 37 0.0522403717041016
18 37 0.0599775314331055
19 37 0.0627222061157227
20 37 0.088231086730957
21 37 0.0362157821655273
22 37 0.0512208938598633
23 37 0.0412569046020508
24 37 0.0932855606079102
25 37 0.129018783569336
26 37 0.11768627166748
27 37 0.122987747192383
28 37 0.0424261093139648
29 37 0.10440731048584
30 37 0.0479097366333008
31 37 0.0990467071533203
32 37 0.0467157363891602
33 37 0.148584365844727
34 37 0.0579214096069336
35 37 0.058131217956543
36 37 0.0708417892456055
37 37 1.0215892791748
1 38 0.116056442260742
2 38 0.0530586242675781
3 38 0.0672750473022461
4 38 0.0454769134521484
5 38 0.0521841049194336
6 38 0.0769472122192383
7 38 0.0486412048339844
8 38 0.0588607788085938
9 38 0.0620603561401367
10 38 0.072789192199707
11 38 0.0483808517456055
12 38 0.0542583465576172
13 38 0.0560464859008789
14 38 0.295919418334961
15 38 0.0593776702880859
16 38 0.0488977432250977
17 38 0.0563983917236328
18 38 0.0585536956787109
19 38 0.0630865097045898
20 38 0.074005126953125
21 38 0.106409072875977
22 38 0.0478124618530273
23 38 0.0577468872070312
24 38 0.0482931137084961
25 38 0.0658531188964844
26 38 0.111186027526855
27 38 0.0576562881469727
28 38 0.0480184555053711
29 38 0.0529937744140625
30 38 0.0568656921386719
31 38 0.0479774475097656
32 38 0.05621337890625
33 38 0.0619220733642578
34 38 0.0609750747680664
35 38 0.0773601531982422
36 38 0.0513181686401367
37 38 0.069361686706543
38 38 1.01962852478027
1 39 0.0547056198120117
2 39 0.0584535598754883
3 39 0.0586395263671875
4 39 0.0567741394042969
5 39 0.058232307434082
6 39 0.0520439147949219
7 39 0.0443048477172852
8 39 0.149555206298828
9 39 0.0425682067871094
10 39 0.049163818359375
11 39 0.0425844192504883
12 39 0.0599212646484375
13 39 0.0433387756347656
14 39 0.0554895401000977
15 39 0.292137145996094
16 39 0.0610466003417969
17 39 0.0519008636474609
18 39 0.0979471206665039
19 39 0.0471649169921875
20 39 0.0428476333618164
21 39 0.0681648254394531
22 39 0.0387382507324219
23 39 0.104042053222656
24 39 0.0545549392700195
25 39 0.0628156661987305
26 39 0.0630407333374023
27 39 0.0483541488647461
28 39 0.055933952331543
29 39 0.0444765090942383
30 39 0.0607481002807617
31 39 0.0609769821166992
32 39 0.115486145019531
33 39 0.0474948883056641
34 39 0.0477123260498047
35 39 0.0488729476928711
36 39 0.0639505386352539
37 39 0.0537042617797852
38 39 0.0642051696777344
39 39 1.01821136474609
1 40 0.0413236618041992
2 40 0.063237190246582
3 40 0.0983390808105469
4 40 0.0816717147827148
5 40 0.0369806289672852
6 40 0.0327949523925781
7 40 0.034022331237793
8 40 0.0732784271240234
9 40 0.0406045913696289
10 40 0.0903873443603516
11 40 0.0669775009155273
12 40 0.0349349975585938
13 40 0.0525741577148438
14 40 0.0562715530395508
15 40 0.0531940460205078
16 40 0.35552978515625
17 40 0.0518665313720703
18 40 0.0500850677490234
19 40 0.0271873474121094
20 40 0.0436305999755859
21 40 0.0568027496337891
22 40 0.0568742752075195
23 40 0.0392799377441406
24 40 0.0412416458129883
25 40 0.057830810546875
26 40 0.0568552017211914
27 40 0.0615720748901367
28 40 0.138461112976074
29 40 0.0314865112304688
30 40 0.048283576965332
31 40 0.061335563659668
32 40 0.108409881591797
33 40 0.0450754165649414
34 40 0.0727558135986328
35 40 0.0730352401733398
36 40 0.0597848892211914
37 40 0.0387992858886719
38 40 0.0481729507446289
39 40 0.0623798370361328
40 40 1.01938629150391
1 41 0.0468463897705078
2 41 0.0664081573486328
3 41 0.0594282150268555
4 41 0.0684719085693359
5 41 0.0616493225097656
6 41 0.0451803207397461
7 41 0.0492477416992188
8 41 0.0708398818969727
9 41 0.0610084533691406
10 41 0.051609992980957
11 41 0.0400657653808594
12 41 0.0409460067749023
13 41 0.0764656066894531
14 41 0.0537576675415039
15 41 0.0644340515136719
16 41 0.041722297668457
17 41 0.325284957885742
18 41 0.0710668563842773
19 41 0.0428056716918945
20 41 0.0497455596923828
21 41 0.040461540222168
22 41 0.0410928726196289
23 41 0.0601062774658203
24 41 0.111289024353027
25 41 0.0586023330688477
26 41 0.0532045364379883
27 41 0.0644588470458984
28 41 0.0523090362548828
29 41 0.0567102432250977
30 41 0.0698623657226562
31 41 0.0476713180541992
32 41 0.0466213226318359
33 41 0.106328964233398
34 41 0.0914144515991211
35 41 0.0534420013427734
36 41 0.0622959136962891
37 41 0.0602970123291016
38 41 0.0508556365966797
39 41 0.0495319366455078
40 41 0.0430746078491211
41 41 1.06075286865234
1 42 0.0593605041503906
2 42 0.059208869934082
3 42 0.0716981887817383
4 42 0.0855693817138672
5 42 0.109194755554199
6 42 0.0431556701660156
7 42 0.041163444519043
8 42 0.0865993499755859
9 42 0.058537483215332
10 42 0.056879997253418
11 42 0.0369281768798828
12 42 0.0503530502319336
13 42 0.0626850128173828
14 42 0.0468616485595703
15 42 0.0627403259277344
16 42 0.0462541580200195
17 42 0.0686740875244141
18 42 0.311441421508789
19 42 0.0484466552734375
20 42 0.0401887893676758
21 42 0.0636329650878906
22 42 0.0534353256225586
23 42 0.0616340637207031
24 42 0.0764617919921875
25 42 0.138676643371582
26 42 0.0517673492431641
27 42 0.0578155517578125
28 42 0.0714130401611328
29 42 0.0425319671630859
30 42 0.0622787475585938
31 42 0.0551815032958984
32 42 0.0694370269775391
33 42 0.0780553817749023
34 42 0.075322151184082
35 42 0.0439300537109375
36 42 0.0826435089111328
37 42 0.0592527389526367
38 42 0.0581464767456055
39 42 0.0668964385986328
40 42 0.0571432113647461
41 42 0.0679159164428711
42 42 1.02006912231445
1 43 0.0393400192260742
2 43 0.0364589691162109
3 43 0.0460186004638672
4 43 0.116589546203613
5 43 0.0708045959472656
6 43 0.124682426452637
7 43 0.0383377075195312
8 43 0.0422191619873047
9 43 0.0528974533081055
10 43 0.0491743087768555
11 43 0.0490484237670898
12 43 0.108013153076172
13 43 0.0468635559082031
14 43 0.0775852203369141
15 43 0.0477380752563477
16 43 0.0540142059326172
17 43 0.0552434921264648
18 43 0.0610456466674805
19 43 0.294816017150879
20 43 0.101975440979004
21 43 0.0631484985351562
22 43 0.0385189056396484
23 43 0.044276237487793
24 43 0.0542945861816406
25 43 0.0689849853515625
26 43 0.0581998825073242
27 43 0.0478420257568359
28 43 0.118307113647461
29 43 0.0477371215820312
30 43 0.0645790100097656
31 43 0.0572738647460938
32 43 0.0353059768676758
33 43 0.0594034194946289
34 43 0.0530805587768555
35 43 0.0489130020141602
36 43 0.077672004699707
37 43 0.0617599487304688
38 43 0.0618295669555664
39 43 0.0565366744995117
40 43 0.0519142150878906
41 43 0.0529661178588867
42 43 0.0789060592651367
43 43 1.03326225280762
1 44 0.109527587890625
2 44 0.121401786804199
3 44 0.0556001663208008
4 44 0.0562677383422852
5 44 0.0386571884155273
6 44 0.0408506393432617
7 44 0.0429677963256836
8 44 0.0416250228881836
9 44 0.0514841079711914
10 44 0.0501394271850586
11 44 0.0410566329956055
12 44 0.0420932769775391
13 44 0.0835666656494141
14 44 0.053532600402832
15 44 0.0438098907470703
16 44 0.100876808166504
17 44 0.0763339996337891
18 44 0.0543365478515625
19 44 0.042902946472168
20 44 0.302616119384766
21 44 0.0439834594726562
22 44 0.109308242797852
23 44 0.0380344390869141
24 44 0.0358295440673828
25 44 0.048832893371582
26 44 0.0799026489257812
27 44 0.130849838256836
28 44 0.0720176696777344
29 44 0.0971307754516602
30 44 0.0793256759643555
31 44 0.0646038055419922
32 44 0.0422096252441406
33 44 0.0549077987670898
34 44 0.0414113998413086
35 44 0.0478677749633789
36 44 0.0457754135131836
37 44 0.0454587936401367
38 44 0.0539369583129883
39 44 0.0487575531005859
40 44 0.0875139236450195
41 44 0.0591726303100586
42 44 0.0563726425170898
43 44 0.045806884765625
44 44 1.05851745605469
1 45 0.0521535873413086
2 45 0.0423650741577148
3 45 0.114109039306641
4 45 0.0576133728027344
5 45 0.0529890060424805
6 45 0.0586481094360352
7 45 0.0684404373168945
8 45 0.0761632919311523
9 45 0.045598030090332
10 45 0.116964340209961
11 45 0.0541591644287109
12 45 0.0573816299438477
13 45 0.0425243377685547
14 45 0.0461578369140625
15 45 0.0630359649658203
16 45 0.0860061645507812
17 45 0.0511026382446289
18 45 0.0768671035766602
19 45 0.0557451248168945
20 45 0.03485107421875
21 45 0.288382530212402
22 45 0.0450448989868164
23 45 0.0832195281982422
24 45 0.0613584518432617
25 45 0.0418853759765625
26 45 0.0465841293334961
27 45 0.0471277236938477
28 45 0.0677080154418945
29 45 0.0415592193603516
30 45 0.0629673004150391
31 45 0.0994768142700195
32 45 0.105108261108398
33 45 0.0435152053833008
34 45 0.119199752807617
35 45 0.0542850494384766
36 45 0.0751504898071289
37 45 0.0420436859130859
38 45 0.0491371154785156
39 45 0.0601215362548828
40 45 0.0869903564453125
41 45 0.0419721603393555
42 45 0.0665559768676758
43 45 0.0583429336547852
44 45 0.0431184768676758
45 45 1.01919937133789
1 46 0.102312088012695
2 46 0.0332059860229492
3 46 0.0384855270385742
4 46 0.0391016006469727
5 46 0.0745840072631836
6 46 0.0543279647827148
7 46 0.0463743209838867
8 46 0.0367288589477539
9 46 0.0970621109008789
10 46 0.058222770690918
11 46 0.110032081604004
12 46 0.0462665557861328
13 46 0.0408573150634766
14 46 0.0908708572387695
15 46 0.0403099060058594
16 46 0.0392484664916992
17 46 0.0488204956054688
18 46 0.0433578491210938
19 46 0.0543241500854492
20 46 0.103485107421875
21 46 0.0584621429443359
22 46 0.30311393737793
23 46 0.0413398742675781
24 46 0.0462436676025391
25 46 0.0414724349975586
26 46 0.0474948883056641
27 46 0.100194931030273
28 46 0.0419216156005859
29 46 0.137635231018066
30 46 0.0483083724975586
31 46 0.0398445129394531
32 46 0.0436840057373047
33 46 0.0593366622924805
34 46 0.0468473434448242
35 46 0.0799169540405273
36 46 0.0523691177368164
37 46 0.0504922866821289
38 46 0.0512380599975586
39 46 0.0363082885742188
40 46 0.0391683578491211
41 46 0.0459814071655273
42 46 0.0408544540405273
43 46 0.0514583587646484
44 46 0.105018615722656
45 46 0.0429677963256836
46 46 1.04988861083984
1 47 0.0668563842773438
2 47 0.0477466583251953
3 47 0.124898910522461
4 47 0.0703697204589844
5 47 0.0570507049560547
6 47 0.0476226806640625
7 47 0.0483379364013672
8 47 0.172054290771484
9 47 0.0607414245605469
10 47 0.12403678894043
11 47 0.063044548034668
12 47 0.0429677963256836
13 47 0.0472640991210938
14 47 0.0450210571289062
15 47 0.140627861022949
16 47 0.0701808929443359
17 47 0.0776100158691406
18 47 0.0947065353393555
19 47 0.0580463409423828
20 47 0.0343379974365234
21 47 0.0780668258666992
22 47 0.0434484481811523
23 47 0.302811622619629
24 47 0.0797719955444336
25 47 0.0478410720825195
26 47 0.0478248596191406
27 47 0.0612878799438477
28 47 0.0596532821655273
29 47 0.0620489120483398
30 47 0.0789957046508789
31 47 0.0510272979736328
32 47 0.164507865905762
33 47 0.0610752105712891
34 47 0.147293090820312
35 47 0.0688905715942383
36 47 0.0653009414672852
37 47 0.0437965393066406
38 47 0.0675497055053711
39 47 0.112729072570801
40 47 0.0719738006591797
41 47 0.0872259140014648
42 47 0.0843915939331055
43 47 0.0517721176147461
44 47 0.0422754287719727
45 47 0.12188720703125
46 47 0.0475549697875977
47 47 1.05092430114746
1 48 0.0578804016113281
2 48 0.0476493835449219
3 48 0.0913248062133789
4 48 0.135974884033203
5 48 0.0733728408813477
6 48 0.0431003570556641
7 48 0.0424880981445312
8 48 0.138854026794434
9 48 0.0696020126342773
10 48 0.0560178756713867
11 48 0.0321941375732422
12 48 0.0439424514770508
13 48 0.0905847549438477
14 48 0.0454750061035156
15 48 0.0598850250244141
16 48 0.0485267639160156
17 48 0.0640907287597656
18 48 0.0873403549194336
19 48 0.0399723052978516
20 48 0.0349092483520508
21 48 0.0583362579345703
22 48 0.0842676162719727
23 48 0.0475254058837891
24 48 0.332833290100098
25 48 0.0709552764892578
26 48 0.047032356262207
27 48 0.0794191360473633
28 48 0.0536832809448242
29 48 0.0422515869140625
30 48 0.0548324584960938
31 48 0.0500421524047852
32 48 0.0723628997802734
33 48 0.103254318237305
34 48 0.122483253479004
35 48 0.0508642196655273
36 48 0.060577392578125
37 48 0.0863475799560547
38 48 0.0533313751220703
39 48 0.0630455017089844
40 48 0.0623035430908203
41 48 0.0899572372436523
42 48 0.0916366577148438
43 48 0.05218505859375
44 48 0.0487337112426758
45 48 0.0659284591674805
46 48 0.040125846862793
47 48 0.0838003158569336
48 48 1.05718803405762
1 49 0.103360176086426
2 49 0.0465230941772461
3 49 0.0592212677001953
4 49 0.0750865936279297
5 49 0.0766000747680664
6 49 0.0465240478515625
7 49 0.0438241958618164
8 49 0.0667362213134766
9 49 0.0522365570068359
10 49 0.0499410629272461
11 49 0.0442533493041992
12 49 0.0438270568847656
13 49 0.0511093139648438
14 49 0.0665092468261719
15 49 0.0612173080444336
16 49 0.0456666946411133
17 49 0.0559072494506836
18 49 0.0736885070800781
19 49 0.0469455718994141
20 49 0.0441455841064453
21 49 0.110568046569824
22 49 0.0573644638061523
23 49 0.0566167831420898
24 49 0.0557632446289062
25 49 0.285097122192383
26 49 0.0449495315551758
27 49 0.0529289245605469
28 49 0.0606880187988281
29 49 0.0474891662597656
30 49 0.0601358413696289
31 49 0.0546932220458984
32 49 0.0516519546508789
33 49 0.0598831176757812
34 49 0.0558538436889648
35 49 0.0460653305053711
36 49 0.107702255249023
37 49 0.0507793426513672
38 49 0.105987548828125
39 49 0.0621309280395508
40 49 0.0563726425170898
41 49 0.0545492172241211
42 49 0.149869918823242
43 49 0.0739269256591797
44 49 0.0518331527709961
45 49 0.0506372451782227
46 49 0.0465555191040039
47 49 0.0714349746704102
48 49 0.0734653472900391
49 49 1.01804351806641
1 50 0.372535705566406
2 50 0.0432233810424805
3 50 0.0678129196166992
4 50 0.042999267578125
5 50 0.0444869995117188
6 50 0.0645294189453125
7 50 0.0564718246459961
8 50 0.0569038391113281
9 50 0.0576581954956055
10 50 0.0635766983032227
11 50 0.0370550155639648
12 50 0.0637197494506836
13 50 0.0542831420898438
14 50 0.0589017868041992
15 50 0.0603446960449219
16 50 0.0407314300537109
17 50 0.0466718673706055
18 50 0.0605039596557617
19 50 0.0695037841796875
20 50 0.120401382446289
21 50 0.103939056396484
22 50 0.10975456237793
23 50 0.0614280700683594
24 50 0.0534725189208984
25 50 0.0621957778930664
26 50 0.0629777908325195
27 50 0.115405082702637
28 50 0.0427646636962891
29 50 0.1044921875
30 50 0.0579547882080078
31 50 0.0426626205444336
32 50 0.0583057403564453
33 50 0.0641384124755859
34 50 0.0546979904174805
35 50 0.0736980438232422
36 50 0.0523138046264648
37 50 0.0715818405151367
38 50 0.131505966186523
39 50 0.0611686706542969
40 50 0.0410881042480469
41 50 0.0497617721557617
42 50 0.0602798461914062
43 50 0.0568675994873047
44 50 0.111322402954102
45 50 0.0487909317016602
46 50 0.106273651123047
47 50 0.0670146942138672
48 50 0.055140495300293
49 50 0.104007720947266
50 50 1.0156135559082
