1.78070868953613
2.05758438574378
2.22870702513593
1.73222187080583
1.49445226077991
1.80081197515928
1.81205687027651
2.07929664451427
1.9268283121234
1.99036591312199
1.78565246516543
1.63887507916392
1.82558882446925
1.91996408086843
2.17041026883964
2.02239146761122
1.54482299360009
1.53617066482435
1.66860605783725
1.66956815906399
1.74702684453756
1.86817629005347
1.82203957518448
1.81771385815585
2.04977431239104
1.8668761384021
1.86070767221052
1.73687080788979
1.55685921962169
1.75423056114535
1.79655362784192
2.02226051651603
2.15591778095408
1.90572469355785
1.81893985375034
1.95198946607658
2.23900092619175
2.0333581524225
1.69965799794087
1.79907575076753
1.77931318797391
2.04444981118515
1.74546002655885
1.79566583667104
1.98534421357336
1.55651842009878
1.95639182213973
1.97310900325477
1.81209092367921
1.60610527337672
