1.87674815328931
1.89320474499582
1.87121289965713
1.64244109119656
1.8010405871417
2.00363151891472
1.94585367949921
1.74109062468543
1.62684866923027
1.53153999128405
2.06615598256046
1.7554001736814
1.8990100326972
2.18640917887052
2.00436369718937
2.18624773030978
1.98134378856177
1.83639580972954
1.96031034282324
1.86480738610144
2.12054500842291
1.51246783842754
1.95497917133459
2.21296999609585
1.74206776021836
1.64147628667879
2.06024797400827
1.76902886240984
1.93608124995901
1.92497353028016
1.56786469375561
1.71575369695424
1.82558423031419
1.32445830180967
2.0085153611718
1.82927338887014
1.76243374385072
2.03769912301146
1.91956896407353
2.12733315680946
1.78117646741269
1.93414687714678
1.95062835843451
1.84134569194666
2.07837684748896
1.98897277134212
1.98122254732172
1.73669900746143
1.71100938041514
2.25884868583116
1.7313471056
1.71067821214648
1.58887789565275
1.97515903212235
2.0134810980357
1.3655602058429
1.69578373944925
1.28343341525195
2.01931233838239
1.67074925436093
2.00035428958741
1.46381816113095
2.13729025456933
1.68673163662933
2.02517543179271
1.78811460385012
1.93386243929086
1.79409342304685
1.99012802890294
1.66795286838744
1.74865639699911
1.71439039959535
1.6687225821762
2.05287087920736
2.01878653234152
1.78045841072129
1.38704439798821
1.94429239080548
1.81335224969352
1.65304382810357
1.58628685822345
1.77397381254833
1.90685909569916
1.9349369533744
1.92692801652134
1.65772420347348
1.9792262533502
1.94221714781986
1.91307296563247
1.69490813889075
1.8676897804051
1.71583216185351
2.15429383396451
2.06705979456425
1.94853865946226
2.01023566399797
1.72897234010593
2.00271960569611
2.04805333086243
1.80886712682927
1.87136770075578
1.91522250421563
1.66456368365625
1.45378623194244
2.04439851886046
1.87499111951207
2.05357903621355
1.94655082290331
1.81576367608758
1.77264182567498
1.44895653491506
1.86710970127746
1.66295022785229
1.69972856431296
1.41625142994436
1.8198351760468
2.02525026670419
1.95753690957063
1.69654868188821
1.74811396388193
1.91339546520991
1.7910723758219
1.7157103853071
1.76462867275548
2.0818812442665
1.80201018685532
1.36925782160686
1.87759854213942
1.73188924240922
1.25514778572651
2.04767218608262
1.35784030987776
1.68241617521596
1.99791289643052
1.81745632647632
1.95874184182545
2.01884331719689
1.82137154058295
1.62911497567604
1.87464078004457
2.2862428237293
1.98220029502138
1.77416223554653
1.62352070481054
1.59494263752291
2.29451648378132
1.89399443826373
1.75689231256009
1.67109612257012
1.67710269959956
1.69545646269785
1.77381243473906
1.67424197179373
1.61340773822405
1.88955710670079
1.76960265316771
1.6823739345481
2.12984317616745
1.97044298092426
2.3062419782456
1.90646426412282
1.74306137992896
1.98896381877448
1.80746251126133
2.33986303280983
2.07120512450891
1.74725784708887
1.47530316189758
1.33150022892786
1.93007084269107
2.18278925824951
1.69066055498551
1.86202950563367
1.39704426096012
1.97538581617734
1.90059049203038
1.76442875876067
1.89833847929983
1.77270917082999
2.10669866473241
1.93459788928429
1.7153066536724
1.86981561059347
1.89244332799213
1.69748818776942
1.68763383090149
1.77470493871312
2.02739105777953
2.13923246505116
2.18628206006897
1.96547332815738
1.89857036761542
1.92433906478291
2.2390339562443
1.78295394054193
1.79931161049926
1.67542443458407
1.62133850732839
1.8551576263158
1.50326738218083
1.66385549387507
1.23414539533814
1.83784105895398
1.85323593520435
1.99641143640621
1.82419029301006
2.24755350918101
1.98521121981663
1.96564176795611
1.7346732284016
1.92535544907199
1.63867037372207
1.89465395424714
2.19439313528131
1.81540833797004
1.92964001674314
1.7793316836856
2.01692740135985
2.01848780149121
1.82365552843382
1.65056909660409
1.93577173342293
1.8303417789788
1.81704025202642
1.76412307782681
1.65686545126561
2.04602678680395
1.98839620566352
1.94138142170897
1.81260915265635
2.00177245284118
2.1394741543966
2.14343638413151
1.68859938273349
2.15156406994528
1.41489047595568
1.85794248304427
2.10551396278666
1.85572885611775
2.01566189349697
1.974316636861
1.89860805269368
1.94248805351573
1.69511483727834
2.05036841861165
1.83048553347544
1.92254757222949
1.51953353523825
1.66381157500999
1.55698606764678
1.71743218758043
1.73088030444107
2.01852445264114
1.63886452661558
2.24395077722327
2.0964785325448
1.88018421139146
1.80574688764217
2.15877549783123
1.66669662148739
1.96742610786088
2.04071644758105
1.98273579117505
1.74759279557286
1.95634528082515
2.02164611810927
2.10563797129317
1.64090758064241
1.83014824707798
1.88825998954317
1.48789386897491
1.23106008821388
1.87133524543662
1.38862463802086
1.73452655452893
2.1596458810071
2.00303673027713
1.91738133923966
1.96800273535689
2.07947091052707
1.70436696712618
1.65653156591732
1.81031163865845
1.39393540082499
1.64445356102069
2.14911690778582
1.90473316200497
1.37591376369336
1.84743130345074
2.04441814638211
1.85183620774558
1.63294951828216
1.86380332569625
1.70400380909075
1.82619190076429
1.51469764867734
1.8477581744551
1.66560372014447
1.65958109492995
1.98458456415697
1.91867280976748
1.68842071336216
1.88010935436929
2.15228561380337
2.01939677585558
2.15279718108484
1.87620151656844
1.85179817123852
2.12906478524962
2.07039876831639
1.72369922283484
1.71269335832937
1.78852452596212
1.82600415198052
1.57821785347063
1.49468716617988
1.8013561820376
1.82060206647516
2.05085061370153
1.76312419181631
1.82619811538802
1.76254906854057
1.44379310354834
1.67853015173824
1.73874115443396
1.73611068207421
2.04681202824361
1.87376667767045
2.08763015484356
1.94562524549582
2.06539536114263
1.7090606396681
2.08985402557806
2.01129495092562
1.89008999159182
1.79891158332221
1.4755157624815
1.7793981757291
1.8335972733606
2.01209263035484
1.74513368895504
1.763242821863
1.68421238052552
1.44902483200129
1.85361089713846
1.65211437140695
1.95990602899858
1.88259250032181
1.87944309701029
2.07649888376982
1.90547490749206
1.86369488738936
1.88496063987959
1.53860618695424
1.9930338284375
1.89797405527777
1.9491883723807
1.92019359073526
2.05539135174565
1.88657188063488
1.48581868683918
2.08647158816826
1.9815503168331
2.03858091833757
1.44914390082789
1.99027589724208
1.93741381110642
1.59663161352522
1.70219099262079
1.81507484776823
1.56237288850298
1.6953889861824
1.80033501853021
1.89163310747217
1.41158200471605
1.80058410029518
2.09165461843961
1.94470466305038
1.94357503496532
1.83338233810716
2.16085530535005
1.83695820575519
1.65785174906777
1.83417215418142
1.48065137651613
1.8972902569415
1.8088433856443
1.78765767687067
1.50681309592252
1.5015022756657
1.83416394805533
1.83320466466847
1.56288814063764
1.29703525052305
1.55387778208766
1.82332302334828
1.79882911796128
1.75886719606136
1.98809250014449
2.13905508675397
1.58804590215256
1.80119381339337
1.82817027299641
1.86994407319386
2.1625880141234
2.17048635511961
1.64035065018278
1.69138435510916
1.65757521127471
1.98225626808045
1.95352435377723
1.84424102971529
1.97843657382602
1.96610534782698
1.71012120342145
1.59065128299072
2.0705319506396
1.97125556534005
1.30133420270178
1.75592617741446
2.03433055552709
1.72606928958735
1.95427422026429
1.99205348205098
2.10535971177694
1.75158031545689
1.92622351066283
2.00705134655475
1.75902010610415
2.2177008344572
1.58422524856345
1.85820711701862
1.73235878200896
1.9961163277274
1.82315580621872
1.64125649351071
1.82242375593284
1.22184075665004
1.82068322432479
1.68234137238826
1.61650005514544
1.77284539250401
1.42678756681442
1.81656765969334
1.92959087480295
1.5224084215421
1.76750227099522
2.16107626515177
2.09218182390296
1.98656128314481
1.88263654888077
2.00871225089986
2.20261369498173
2.20744521827914
2.02704134531962
1.98580678547511
1.70071468834795
2.16378401896106
1.69188617010082
1.76847370428004
1.80080126002371
1.75869238386924
2.2060507823523
1.53906387494669
1.61854489668484
1.52071522322081
1.59048746915625
1.48892496590894
1.6827423513854
1.77498680534838
1.47952653908116
2.12870850623974
1.83885188255702
1.86239373742939
1.77939598484
2.0948818142412
1.93553444823503
1.98212090405957
1.71997286924165
1.77976907865754
1.73109949237632
2.08117283999583
2.18962614980986
2.17301635455955
1.78849745695618
1.73612144689179
2.09221782089847
1.67727585942734
1.9506334618386
1.64170638862764
1.55951573898229
1.9533773843999
2.02472396246619
1.79872389514915
1.86014072122844
1.79887949320881
2.0088865579801
1.8934976323295
1.66947511066369
1.6867970334785
2.11387140965194
1.71361776843561
1.98813729068005
1.74769886004924
1.51905284847093
2.02229813583237
1.65605523698022
1.86721357448105
1.88763806244209
1.59183921063405
1.63631015077871
1.85698811526142
1.92121801367944
2.01388030529079
1.49043281968736
1.74789651043244
1.78952385880284
1.97458111926465
1.64086724658003
1.85949033672864
1.81337651719173
1.727829085982
1.9781011968096
1.96895117785355
1.76273738625771
1.81756159772634
1.68892248706058
1.95854301571773
1.85607573780738
1.77043893319037
1.82228054615968
1.95330386550012
1.76128028036005
1.6544185627589
2.12915668028305
1.55408444227342
1.96480996369402
1.86435903152639
1.38569138548902
1.6381285180514
2.00666358274811
1.93309531480161
1.89186626215756
1.80844643793048
2.12389754994177
1.91676065325767
1.95385204177237
1.70390244463027
1.86244190133748
1.91180725150961
2.02406836589958
1.8741968759866
1.84756407531784
2.31423154879771
2.12102254152892
1.86840212254122
1.79903700760655
1.57159222843473
1.56838872689232
1.69125045254922
1.56435945762561
2.04285360769983
1.49603654281458
1.90232115350396
1.64543436920184
2.11623737195508
1.9036860688488
1.81780138954294
1.92118335541987
1.87556977726755
1.94825482891559
1.79828150502028
1.69404525935682
2.27313535046852
2.04484653041183
1.89184796029113
1.72395255620067
2.18260359609094
1.70308861193571
1.71003245519473
1.83690743425731
1.55883065654618
1.513805901481
1.80833343428774
1.76730453949668
1.62201988612247
1.58993748997944
2.17768707912081
1.83372390145927
1.84658438081862
1.72460732846967
2.095444222588
1.7418858723505
1.93182111297538
1.64010182954146
1.84049353768222
1.62215048189049
2.04285105919511
1.82349047947891
1.90194173277216
1.79861826997631
2.15227281699392
2.13804597975479
1.65079076569198
1.68172927654986
1.7269147127761
1.85327623915741
1.18235911083179
1.51243774695455
1.51320051686519
1.34780411511661
2.02585086281811
1.66948501153142
1.85780949813712
2.10186592980458
2.20254618151516
1.97686660212509
1.95227650607531
1.83985731275562
1.65097782794152
1.88440610024175
1.7362652400733
1.7788556596794
1.52580329562762
1.75359403684194
1.8310083530937
1.95229194855408
1.72321942164887
1.94178873769511
1.85876926463117
1.76991596857101
1.65209227628785
1.83398062706815
1.9481959739538
1.68040185923708
1.88530120113814
1.88454157594107
2.02354474834788
2.09687304596449
2.05012756956442
2.12623814022563
1.79281776791491
1.52599999186009
2.15830530490016
1.23754083236745
2.25022179461828
2.17453022165787
1.45784736207976
1.84060825884728
1.88146300072139
2.12059635434624
1.92708331165291
1.64134080997899
1.65404362489161
1.47845811618212
1.52714782638414
1.88567792262862
1.75997558492065
1.59645047877197
1.87719207298585
1.96985779679493
1.99302949510743
1.75380440821653
2.07843992377925
2.16218555463295
1.56115766930142
1.83433310451233
1.74635795470971
1.79014968644795
1.87441349157816
1.90811735223437
2.08011159229833
1.90474966688519
1.77707183225965
2.14189692407887
1.77882521355286
1.96483526848114
1.63268256058994
1.56488886714604
1.85139999895121
1.83017557583328
1.8567851580714
1.77258519008777
1.91926615476863
1.9036922104697
1.9919655638188
1.90455891126233
2.03878605789044
2.07073661934669
1.41145959089492
1.66522848036022
1.92089914600297
1.65733863039671
2.18143393882879
1.9301271858444
2.04026629872317
1.71161876167942
1.83674009333421
2.04703651982288
1.95010382037783
1.63595926584178
1.78064184718871
1.76055020560036
1.49905753992666
1.68328952888079
1.47926317547983
1.81262635722125
1.9279308645356
1.71623190848486
2.15835039048223
1.77270178443653
1.88996870715891
1.8883345484367
1.87180319083144
2.08343615536306
2.18861142729789
1.6998940062991
1.81593287299949
1.91944588880028
1.86256437717478
2.27665656464663
1.83531528519278
1.94880650095618
1.9801534189109
1.76816269700307
1.75527788660865
1.68851591273969
1.24039720383973
1.73232250763551
1.54531822704061
1.65137948623488
1.44829024610444
2.07229076793579
1.99537774584073
1.73264669837056
1.84300535810164
2.1613114416413
2.30670066923025
1.53337987626455
2.00591611826592
1.73856437432127
2.05744628976811
1.9689080037962
1.7848370535241
1.94022132373407
2.05779638406845
1.76619175022012
1.86613763571787
1.97516745433233
1.54406786081535
1.87223213823271
1.40017069432165
1.6450305202559
1.382609904906
1.793086698509
1.6951646169301
1.86853053367202
1.97949488655463
1.68409907873591
2.15669928155322
1.8160204944791
1.83044469967946
1.45639148938987
1.92172936908459
1.87402249366027
2.03244776114939
1.82430878123889
2.12387764395249
1.97170252618237
1.96355685066008
2.14038719444539
1.79972011698353
2.05679742874883
1.34743733198693
1.48858787186588
1.17808873206158
1.90775708304077
1.54740668485412
1.90385309858838
1.90621739164992
1.84093846098638
1.96149663650127
1.64394147887646
1.78305076797567
2.11084417645771
1.8091746171788
1.61411054589724
1.97342452834992
1.90999788233982
1.99910266642435
2.24780354583406
1.59351225465573
1.8650444441068
1.87008555098967
2.22293993816172
1.89634829167936
2.08297606276822
1.84622182900419
1.64543161182996
1.80855175214097
1.92824710410658
1.58403902907586
1.41901961358908
1.80921337380751
1.89507356016487
2.0467667406574
1.95141308858779
2.19101716412658
2.36507618280595
1.9510036348544
1.31491867582887
1.99611245191557
1.65857460125175
1.91793855459491
2.15985440717098
1.78740138680783
1.60135173680519
1.77225069568487
1.86722867576726
1.96587986398436
2.13359745014903
1.93315334698727
1.93362291329925
1.69747746406513
1.46038207598363
1.88775246157706
1.76254946764654
1.8615939344155
2.02167333532885
1.90972952204505
1.68265803736181
2.07138400378608
2.24708622535601
2.17524909804994
1.55499537909411
1.87799059171861
1.83621169597675
2.00075489939957
2.03947198276268
2.06876298982627
1.76877296451958
1.50391688244491
2.02046661199138
1.91766355690991
1.99999435419364
1.73063254997378
1.71845726633852
1.44535442209695
1.686552984428
1.93488909506347
1.64371443495325
1.78345168150946
1.96209643803048
1.7791312063383
1.93896072040444
1.83913953941579
2.07015536820981
2.01891085418988
1.88425538068748
1.72173357432343
1.76034327920671
2.17028604620791
2.0223805726791
1.94739683437189
1.89521664195819
1.88276830581431
1.69891544680214
2.0080738272071
1.83700508464069
1.62815428858679
1.97800217653664
1.57580495862361
1.31185678622243
1.73653230049147
1.79038496927906
1.89615129801754
1.8468645258537
1.71607141471782
1.88675023191076
2.11842592290356
2.10694093138983
1.94244684810837
1.46940990613411
1.76484006692877
2.25767840915844
1.93187298266786
2.36256891993681
1.67442281635833
2.19210584219207
1.65094744177327
2.48067844114982
1.98273799458153
1.71565011115232
1.68023735019225
1.7828436556053
1.71028729533073
1.83702445931335
1.48405651620965
1.55907605942077
1.45005245173777
2.13487320558112
1.78883267986507
1.92941132905258
1.90172848857242
2.01873909024256
1.68919749230938
1.9046787113484
1.90738929476002
1.79832166818062
2.18009976136729
2.20414244901239
1.92246000606123
1.84663172042649
1.63494279676331
1.94485325709567
1.73748194343816
1.60282067716887
1.89958338757218
2.04416201038678
1.90450029938627
1.81886048289491
1.97008196109116
1.43276755068556
1.70756964174347
1.97844203238298
1.72281034095249
1.88524884153092
2.07134755337363
1.99998321465978
1.901464081977
1.66702777223385
1.83672164834667
1.73391951583033
2.01447607013923
1.92557949795267
2.00683745134979
1.72472324482684
1.65827709376911
1.77992194652338
1.86749239080863
1.51721187060331
2.00827200837969
1.59169212969368
1.6496470187982
1.4229869955342
1.77108133234796
1.67614432191103
1.59598600655223
1.70469825448273
2.15399102501632
1.78070868953613
2.05758438574378
2.22870702513593
1.73222187080583
1.49445226077991
1.80081197515928
1.81205687027651
2.07929664451427
1.9268283121234
1.99036591312199
1.78565246516543
1.63887507916392
1.82558882446925
1.91996408086843
2.17041026883964
2.02239146761122
1.54482299360009
1.53617066482435
1.66860605783725
1.66956815906399
1.74702684453756
1.86817629005347
1.82203957518448
1.81771385815585
2.04977431239104
1.8668761384021
1.86070767221052
1.73687080788979
1.55685921962169
1.75423056114535
1.79655362784192
2.02226051651603
2.15591778095408
1.90572469355785
1.81893985375034
1.95198946607658
2.23900092619175
2.0333581524225
1.69965799794087
1.79907575076753
1.77931318797391
2.04444981118515
1.74546002655885
1.79566583667104
1.98534421357336
1.55651842009878
1.95639182213973
1.97310900325477
1.81209092367921
1.60610527337672
